2
600 600 150 1000
-300 400 150 1000
1
100 0 500 1 1 1 13
1 0 25 500 0 690 false false false
2 0 760 0 760 0 false 
3 0 500 0 760 0 false false
4 0 100 0 100 0 false 
5 0 350 0 350 0 false 
6 0 100 250 100 250 false 
7 0 -150 0 -150 0 false 
8 0 100 -250 100 -250 false 
9 0 550 -200 550 -200 false 
10 0 550 200 550 200 false 
11 0 300 450 300 450 false 
12 0 -100 450 -100 450 false 
13 0 -350 200 -350 200 false 
14 0 -350 -200 -350 -200 false 
15 0 -100 -450 -100 -450 false 
16 0 300 -480 300 -450 false 
