1
0 0 300 18500
2
300 300 300 0 0 0 1
1 0 300 300 300 300 true
700 700 2942.04 4 1 1 49
21913 10000 -nan -nan 700 700 false false true false
21914 2190 -870.464 -420.473 380 322 false false true false
21915 2195 632.574 946.085 -985 173 false false true false
21916 2160 170.437 -251.291 -343 -533 false false true false
21917 985 0 0 0 0 true
21918 1620 451.269 451.269 700 700 false true
1 0 700 700 700 700 true
21865 305 1000 700 1000 700 true
21866 305 400 700 400 700 true
21867 300 700 1000 700 1000 true
21868 300 700 400 700 400 true
21869 425 1000 1000 1000 1000 true
21870 425 400 1000 400 1000 true
21871 425 400 400 400 400 true
21872 425 1000 400 1000 400 true
21873 850 100 -700 100 -700 true
21874 675 400 -700 400 -700 true
21875 605 700 -700 700 -700 true
21876 675 1000 -700 1000 -700 true
21877 850 -700 -700 -700 -700 true
21878 675 -700 1000 -700 1000 true
21879 605 -700 700 -700 700 true
21880 675 -700 400 -700 400 true
21881 850 -700 100 -700 100 true
21882 675 1000 100 1000 100 true
21883 600 700 100 700 100 true
21884 675 400 100 400 100 true
21885 850 100 100 100 100 true
21886 675 100 400 100 400 true
21887 605 100 700 100 700 true
21888 675 100 1000 100 1000 true
21889 1275 -200 -400 -200 -400 true
21890 1085 100 -400 100 -400 true
21891 950 400 -400 400 -400 true
21892 900 700 -400 700 -400 true
21893 950 1000 -400 1000 -400 true
21894 1085 -700 -400 -700 -400 true
21895 1275 -400 -400 -400 -400 true
21896 1085 -400 -700 -400 -700 true
21897 950 -400 1000 -400 1000 true
21898 900 -400 700 -400 700 true
21899 950 -400 400 -400 400 true
21900 1085 -400 100 -400 100 true
21901 1275 -400 -200 -400 -200 true
21902 1085 -700 -200 -700 -200 true
21903 950 1000 -200 1000 -200 true
21904 900 700 -200 700 -200 true
21905 950 400 -200 400 -200 true
21906 1085 100 -200 100 -200 true
21907 1275 -200 -200 -200 -200 true
21908 1085 -200 100 -200 100 true
21909 950 -200 400 -200 400 true
21910 900 -200 700 -200 700 true
21911 950 -200 1000 -200 1000 true
21912 1085 -200 -700 -200 -700 true
