3
950 0 150 0
0 950 150 7750
950 950 150 8750
1
500 500 10504.6 4 3 3 49
22039 10000 -nan -nan 500 500 false false true false
22040 5520 -302.841 281.426 -937 108 false false true false
22041 5520 -704.233 417.87 -685 377 false false true false
22042 5520 -86.8543 931.06 -96 927 false false true false
22043 670.021 950 0 950 0 true
22045 640.14 950 950 950 950 true
22047 670.021 0 950 0 950 true
22044 670 950 0 950 0 false false
22046 870 149.254 815.672 500 500 false true
22048 670 950 0 950 0 false false
1 0 500 500 500 500 true
21991 305 800 500 800 500 true
21992 305 200 500 200 500 true
21993 305 500 800 500 800 true
21994 305 500 200 500 500 true
21995 425 800 800 500 500 true
21996 425 200 800 500 500 true
21997 425 200 200 200 200 true
21998 425 800 200 800 200 true
21999 850 -100 -900 -100 -900 true
22000 675 200 -900 200 -900 true
22001 605 500 -900 500 -900 true
22002 675 800 -900 800 -900 true
22003 850 -900 -900 -900 -900 true
22004 675 -900 800 -900 800 true
22005 605 -900 500 -900 500 true
22006 675 -900 200 -900 200 true
22007 850 -900 -100 -900 -100 true
22008 675 800 -100 800 -100 true
22009 605 500 -100 500 -100 true
22010 675 200 -100 200 -100 true
22011 850 -100 -100 -100 -100 true
22012 675 -100 200 -100 200 true
22013 605 -100 500 -100 500 true
22014 675 -100 800 -100 800 true
22015 1275 -400 -600 -400 -600 true
22016 1085 -100 -600 -100 -600 true
22017 950 200 -600 200 -600 true
22018 905 500 -600 500 -600 true
22019 950 800 -600 800 -600 true
22020 1085 -900 -600 -900 -600 true
22021 1275 -600 -600 -600 -600 true
22022 1085 -600 -900 -600 -900 true
22023 950 -600 800 -600 800 true
22024 905 -600 500 -600 500 true
22025 950 -600 200 -600 200 true
22026 1085 -600 -100 -600 -100 true
22027 1275 -600 -400 -600 -400 true
22028 1085 -900 -400 -900 -400 true
22029 950 800 -400 800 -400 true
22030 905 500 -400 500 -400 true
22031 950 200 -400 200 -400 true
22032 1085 -100 -400 -100 -400 true
22033 1275 -400 -400 -400 -400 true
22034 1085 -400 -100 -400 -100 true
22035 950 -400 200 -400 200 true
22036 905 -400 500 -400 500 true
22037 950 -400 800 -400 800 true
22038 1085 -400 -900 -400 -900 true
